--- 
ciscoVoiceCardNotifications: 1.3.6.1.4.1.9.9.300576.0
cVoiceCardAdminStatus: 1.3.6.1.4.1.9.9.300576.1.1.1.4
ciscoVoiceCardConformance: 1.3.6.1.4.1.9.9.300576.2
cVoiceCardIndex: 1.3.6.1.4.1.9.9.300576.1.1.1.1
cVoiceCardEntry: 1.3.6.1.4.1.9.9.300576.1.1.1
cVoiceCardSlotNumber: 1.3.6.1.4.1.9.9.300576.1.1.1.2
cVoiceCardTable: 1.3.6.1.4.1.9.9.300576.1.1
cVoiceCardCodecComplexity: 1.3.6.1.4.1.9.9.300576.1.1.1.3
ciscoVoiceCard: 1.3.6.1.4.1.9.9.300576
ciscoVoiceCardMIBCompliances: 1.3.6.1.4.1.9.9.300576.2.1
ciscoVoiceCardMIBGroups: 1.3.6.1.4.1.9.9.300576.2.2
ciscoVoiceCardObjects: 1.3.6.1.4.1.9.9.300576.1

