--- 
cwaCugEntry: 1.3.6.1.4.1.9.9.99999.1.1.1.1
cwaCugIndex: 1.3.6.1.4.1.9.9.99999.1.1.1.1.3
cwaAddressCugEntry: 1.3.6.1.4.1.9.9.99999.1.2.1.1
cwaAddressPlan: 1.3.6.1.4.1.9.9.99999.1.1.1.1.4
cwaIncomingAccess: 1.3.6.1.4.1.9.9.99999.1.2.1.1.2
cwaCugMIBObjects: 1.3.6.1.4.1.9.9.99999.1
cwaAddressCugTable: 1.3.6.1.4.1.9.9.99999.1.2.1
ciscoWanAtmCugMIBGroups: 1.3.6.1.4.1.9.9.99999.3.2
cwaCug: 1.3.6.1.4.1.9.9.99999.1.1
cwaCugRowStatus: 1.3.6.1.4.1.9.9.99999.1.1.1.1.7
cwaInterlockCode: 1.3.6.1.4.1.9.9.99999.1.1.1.1.5
cwaCugAtmAddressPlan: 1.3.6.1.4.1.9.9.99999.1.2.1.1.1
ciscoWanAtmCugMIBCompliances: 1.3.6.1.4.1.9.9.99999.3.1
cwaAddressLength: 1.3.6.1.4.1.9.9.99999.1.1.1.1.2
cwaCallsBarred: 1.3.6.1.4.1.9.9.99999.1.1.1.1.6
cwaPreferentialCug: 1.3.6.1.4.1.9.9.99999.1.2.1.1.4
ciscoWanAtmCugMIB: 1.3.6.1.4.1.9.9.99999
cwaAddressCug: 1.3.6.1.4.1.9.9.99999.1.2
cwaOutgoingAccess: 1.3.6.1.4.1.9.9.99999.1.2.1.1.3
ciscoWanAtmCugMIBConformance: 1.3.6.1.4.1.9.9.99999.3
cwaCugMIBNotifications: 1.3.6.1.4.1.9.9.99999.0
cwaCugTable: 1.3.6.1.4.1.9.9.99999.1.1.1
cwaAtmAddress: 1.3.6.1.4.1.9.9.99999.1.1.1.1.1

