--- 
ciscoIetfNatCapabilityV12R02T: 1.3.6.1.4.1.9.7.99999.1
ciscoIetfNatCapability: 1.3.6.1.4.1.9.7.99999

