--- 
ciscoImageCheckMIBObjects: 1.3.6.1.4.1.9.9.99990.1
ciscoImageCheck: 1.3.6.1.4.1.9.9.99990.1.1
ciscoImgChkCapabIndex: 1.3.6.1.4.1.9.9.99990.1.1.2.1.2
ciscoImageCheckMIBConformance: 1.3.6.1.4.1.9.9.99990.2
ciscoImageCheckMIBGroups: 1.3.6.1.4.1.9.9.99990.2.2
ciscoImageCheckOpEntry: 1.3.6.1.4.1.9.9.99990.1.1.1.1
ciscoImgChkResultsTable: 1.3.6.1.4.1.9.9.99990.1.1.2
ciscoImgChkCapabilityName: 1.3.6.1.4.1.9.9.99990.1.1.2.1.4
ciscoImageCheckMIBCompliances: 1.3.6.1.4.1.9.9.99990.2.1
ciscoImageCheckMIB: 1.3.6.1.4.1.9.9.99990
ciscoImageCheckEntryStatus: 1.3.6.1.4.1.9.9.99990.1.1.1.1.4
ciscoImageCheckImageName: 1.3.6.1.4.1.9.9.99990.1.1.1.1.2
ciscoImgChkResultsEntry: 1.3.6.1.4.1.9.9.99990.1.1.2.1
ciscoImgChkFeatureIndex: 1.3.6.1.4.1.9.9.99990.1.1.2.1.1
ciscoImgChkFeatureName: 1.3.6.1.4.1.9.9.99990.1.1.2.1.3
ciscoImageCheckOpTable: 1.3.6.1.4.1.9.9.99990.1.1.1
ciscoImageCheckSerialNum: 1.3.6.1.4.1.9.9.99990.1.1.1.1.1
ciscoImageCheckStatus: 1.3.6.1.4.1.9.9.99990.1.1.1.1.3
ciscoImgChkCapabilityReq: 1.3.6.1.4.1.9.9.99990.1.1.2.1.5
ciscoImgChkInCompDescr: 1.3.6.1.4.1.9.9.99990.1.1.2.1.6

