--- 
ciscoXgcpExtCapabilityV12R03: 1.3.6.1.4.1.9.7.99999.1
ciscoXgcpExtCapability: 1.3.6.1.4.1.9.7.99999

